%YAML:1.0
R: !!opencv-matrix
   rows: 3
   cols: 3
   dt: d
   data: [ 1., -2.0944002957473257e-009, -6.1825727913380038e-009,
       2.0944002218727533e-009, 9.9999999999999989e-001,
       -1.5903635904365587e-008, 6.1825728163636568e-009,
       1.5903635894636812e-008, 9.9999999999999989e-001 ]
T: !!opencv-matrix
   rows: 3
   cols: 1
   dt: d
   data: [ -5.0795865714958242e-007, -1.2963508000037803e-006,
       6.3534266724281705e-005 ]
R1: !!opencv-matrix
   rows: 3
   cols: 3
   dt: d
   data: [ 9.9993738734489357e-001, -7.9931154578296078e-003,
       7.8314427244492481e-003, 7.9931154578296078e-003,
       2.0399064908994447e-002, -9.9975996531973432e-001,
       7.8314427244492481e-003, 9.9975996531973432e-001,
       2.0461677564101000e-002 ]
R2: !!opencv-matrix
   rows: 3
   cols: 3
   dt: d
   data: [ 9.9993738734489357e-001, -7.9931154578296078e-003,
       7.8314427244492481e-003, 7.9931154578296078e-003,
       2.0399064908994447e-002, -9.9975996531973432e-001,
       7.8314427244492481e-003, 9.9975996531973432e-001,
       2.0461677564101000e-002 ]
P1: !!opencv-matrix
   rows: 3
   cols: 4
   dt: d
   data: [ 1.8048104998580126e+004, 0., -1.4201929138183594e+004, 0., 0.,
       1.8048104998580126e+004, 1.8710298125000000e+006, 0., 0., 0., 1.,
       0. ]
P2: !!opencv-matrix
   rows: 3
   cols: 4
   dt: d
   data: [ 1.8048104998580126e+004, 0., -1.4201929138183594e+004, 0., 0.,
       1.8048104998580126e+004, 1.8710298125000000e+006,
       -1.1469484242459265e+000, 0., 0., 1., 0. ]
Q: !!opencv-matrix
   rows: 4
   cols: 4
   dt: d
   data: [ 1., 0., 0., 1.4201929138183594e+004, 0., 1., 0.,
       -1.8710298125000000e+006, 0., 0., 0., 1.8048104998580126e+004, 0.,
       0., 1.5735759879914431e+004, 0. ]
