%YAML:1.0
M1: !!opencv-matrix
   rows: 3
   cols: 3
   dt: d
   data: [ 3.4086270443566500e+004, 0., 1.6516873741249626e+002, 0.,
       3.4086270443566500e+004, 1.7427278650267843e+002, 0., 0., 1. ]
D1: !!opencv-matrix
   rows: 1
   cols: 5
   dt: d
   data: [ 8.6399094873674485e+001, 5.2027300515996577e-002, 0., 0., 0. ]
M2: !!opencv-matrix
   rows: 3
   cols: 3
   dt: d
   data: [ 3.4086270443566500e+004, 0., 1.6516895985857292e+002, 0.,
       3.4086270443566500e+004, 1.7427335769704726e+002, 0., 0., 1. ]
D2: !!opencv-matrix
   rows: 1
   cols: 5
   dt: d
   data: [ 8.6399084651085559e+001, 5.2027300381355862e-002, 0., 0., 0. ]
